TRINITY_DN25189_c0_g1_i3	JN857939.1	100.000	37	0	0	362	398	312	276	3.97e-11	69.4
TRINITY_DN25189_c0_g1_i4	JN857939.1	100.000	37	0	0	503	539	312	276	5.43e-11	69.4
TRINITY_DN12969_c0_g1_i1	OK345535.1	93.333	75	3	2	726	799	348	421	4.73e-23	110
TRINITY_DN12969_c0_g1_i1	JN701809.1	94.366	71	2	2	726	795	356	425	1.70e-22	108
TRINITY_DN12969_c0_g1_i1	JN857939.1	94.828	58	3	0	738	795	379	436	1.71e-17	91.6
TRINITY_DN21902_c3_g4_i1	OK345535.1	83.906	466	65	9	76	533	26	489	1.28e-121	436
TRINITY_DN21902_c3_g4_i1	JN701809.1	83.447	441	69	4	96	534	60	498	1.00e-112	407
TRINITY_DN21902_c3_g4_i1	JN857939.1	82.561	453	76	3	93	543	67	518	2.17e-109	396
TRINITY_DN21902_c3_g4_i1	KT963078.1	81.996	461	75	8	77	533	47	503	4.70e-106	385
TRINITY_DN20286_c0_g1_i2	JN701810.1	90.769	65	5	1	1	64	253	317	4.36e-16	86.1
TRINITY_DN20286_c0_g1_i2	OK345536.1	90.769	65	5	1	1	64	250	314	4.36e-16	86.1
TRINITY_DN20286_c0_g1_i4	JN701810.1	90.769	65	5	1	1	64	253	317	3.18e-16	86.1
TRINITY_DN20286_c0_g1_i4	OK345536.1	90.769	65	5	1	1	64	250	314	3.18e-16	86.1
TRINITY_DN20286_c0_g1_i5	JN701810.1	90.769	65	5	1	1	64	253	317	4.36e-16	86.1
TRINITY_DN20286_c0_g1_i5	OK345536.1	90.769	65	5	1	1	64	250	314	4.36e-16	86.1
TRINITY_DN20286_c0_g1_i6	JN701810.1	90.769	65	5	1	1	64	253	317	4.38e-16	86.1
TRINITY_DN20286_c0_g1_i6	OK345536.1	90.769	65	5	1	1	64	250	314	4.38e-16	86.1
TRINITY_DN20286_c0_g1_i10	JN701810.1	90.769	65	5	1	1	64	253	317	4.03e-16	86.1
TRINITY_DN20286_c0_g1_i10	OK345536.1	90.769	65	5	1	1	64	250	314	4.03e-16	86.1
TRINITY_DN20286_c0_g1_i11	JN701810.1	90.769	65	5	1	1	64	253	317	4.05e-16	86.1
TRINITY_DN20286_c0_g1_i11	OK345536.1	90.769	65	5	1	1	64	250	314	4.05e-16	86.1
